9413080103
9413687815
9413253237
9413510631
9413272365
9413771682
9413478904
9413159283
9413122687
9413973528
9413546337
9413134758
9413294530
9413873477
9413301971
9413533327
9413265865
9413148253
9413618829
9413336032
9413136768
9413784261
9413884673
9413265067
9413209074
9413828301
9413639192
9413322513
9413081694
9413726954
9413439155
9413178609
9413383432
9413744008
9413560801
9413055406
9413167953
9413889858
9413555696
9413503730
9413961796
9413789412
9413864716
9413320197
9413191269
9413373423
9413650524
9413690759
9413886365
9413817203
9413981208
9413212879
9413115865
9413651560
9413670287
9413712808
9413503015
9413109374
9413794715
9413685801
9413515920
9413128086
9413015689
9413052794
9413149362
9413584694
9413965410
9413637986
9413804818
9413816154
9413550184
9413338010
9413686434
9413944281
9413553367
9413232456
9413881490
9413366911
9413499649
9413633276
9413617605
